# ------------------------------------------
# Simulation parameters
# ------------------------------------------
beta_initial             = -1.3
F_crit_initial           = 10.0
max_sim_steps            = 200000
dt                       = 0.1
beta_escape_threshold    = 2.0
sigma_beta_noise         = 0.5
sigma_F_crit_noise       = 0.5
sim_time_window          = 20000.0
rho_range                = [-0.95, -0.855, -0.76, -0.6649999999999999, -0.57, -0.475, -0.3799999999999999, -0.2849999999999999, -0.18999999999999995, -0.09499999999999997, 0.0, 0.09499999999999997, 0.19000000000000017, 0.28500000000000014, 0.3800000000000001, 0.4750000000000001, 0.5700000000000001, 0.665, 0.76, 0.855, 0.95]
noise_intensity_proxy    = 0.5000
total_runs               = 10500
total_escapes            = 10497

# ------------------------------------------
# Linear regression: Γ vs 1/(1-ρ)
# ------------------------------------------
slope                    = 3.453981e-07
intercept                = 4.161979e-04
R_squared                = 0.0064
p_value                  = 7.300e-01
slope_stderr             = 9.860e-07
intercept_stderr         = 4.792e-06
slope_95%CI              = [-1.718373e-06, 2.409169e-06]
intercept_95%CI          = [4.061686e-04, 4.262271e-04]

# ------------------------------------------
# Correlations (ρ_input with response vars)
# ------------------------------------------
Pearson_r(ρ, Γ)          = -0.2453   (p = 2.838e-01)
Spearman_ρ(ρ, Γ)         = -0.1740   (p = 4.506e-01)
Pearson_r(ρ, ⟨T⟩)        = 0.2359   (p = 3.033e-01)
Spearman_ρ(ρ, ⟨T⟩)       = 0.1740   (p = 4.506e-01)

# ------------------------------------------
# Global descriptive numbers (over all ρ)
# ------------------------------------------
min_Γ                    = 3.844505e-04
max_Γ                    = 4.572287e-04
mean_Γ                   = 4.170436e-04
sd_Γ                     = 1.854672e-05
min_⟨T⟩                  = 2187.09
max_⟨T⟩                  = 2601.11
mean_⟨T⟩                 = 2402.29
sd_⟨T⟩                   = 105.37
skew_⟨T⟩                 = -0.2480
kurt_⟨T⟩                 = -0.3368

# ------------------------------------------
# Per-ρ descriptive statistics (95 % CI, skew, kurtosis)
# ------------------------------------------
ρ     N_coll  frac  ⟨Tθ⟩  CI_low  CI_high  Γ  CI_low  CI_high  skew  kurt  q25  median  q75
-0.950    500 1.000 2440.80 2247.12 2634.47 0.000410 0.000377 0.000442  1.75   4.48  885.5  1774.6 3306.4
-0.855    500 1.000 2426.46 2227.59 2625.34 0.000412 0.000378 0.000446  2.45  11.06  858.4  1817.2 3169.5
-0.760    500 1.000 2187.09 2000.36 2373.82 0.000457 0.000418 0.000496  2.00   5.16  730.9  1501.9 2856.8
-0.665    500 1.000 2231.76 2065.34 2398.19 0.000448 0.000415 0.000481  1.61   3.87  837.7  1680.7 3107.1
-0.570    500 1.000 2468.65 2263.96 2673.33 0.000405 0.000371 0.000439  1.77   3.70  775.4  1731.9 3380.6
-0.475    500 1.000 2460.36 2250.07 2670.65 0.000406 0.000372 0.000441  2.06   5.31  843.4  1754.5 3201.4
-0.380    500 1.000 2473.29 2276.24 2670.34 0.000404 0.000372 0.000437  1.67   3.16  831.0  1806.2 3358.8
-0.285    500 1.000 2311.89 2125.11 2498.68 0.000433 0.000398 0.000467  1.91   4.93  790.1  1642.4 3148.2
-0.190    500 1.000 2289.37 2099.41 2479.32 0.000437 0.000401 0.000473  1.81   4.26  715.1  1561.9 3015.8
-0.095    499 0.998 2286.28 2103.30 2469.25 0.000437 0.000402 0.000472  1.83   4.12  820.6  1624.6 3015.9
0.000    499 0.998 2453.24 2263.90 2642.59 0.000408 0.000376 0.000439  1.60   2.62  920.4  1803.6 3227.2
0.095    500 1.000 2535.12 2324.15 2746.09 0.000394 0.000362 0.000427  1.90   4.33  904.8  1707.7 3479.7
0.190    500 1.000 2601.11 2398.00 2804.23 0.000384 0.000354 0.000414  1.60   2.99  922.6  1887.6 3603.4
0.285    500 1.000 2334.42 2147.96 2520.89 0.000428 0.000394 0.000463  1.98   6.56  756.9  1770.3 3211.5
0.380    500 1.000 2404.19 2193.39 2615.00 0.000416 0.000379 0.000452  1.97   5.28  670.1  1549.2 3223.7
0.475    500 1.000 2409.71 2216.74 2602.68 0.000415 0.000382 0.000448  2.14   7.34  849.0  1699.7 3365.2
0.570    500 1.000 2372.67 2175.56 2569.77 0.000421 0.000386 0.000456  1.85   4.44  764.1  1576.2 3297.0
0.665    500 1.000 2537.63 2314.52 2760.73 0.000394 0.000359 0.000429  2.10   5.52  843.7  1684.4 3284.2
0.760    499 0.998 2484.86 2285.77 2683.94 0.000402 0.000370 0.000435  1.51   2.27  797.2  1793.8 3434.8
0.855    500 1.000 2418.62 2204.19 2633.05 0.000413 0.000377 0.000450  1.96   4.69  747.3  1621.2 3206.3
0.950    500 1.000 2320.52 2130.89 2510.16 0.000431 0.000396 0.000466  1.85   4.76  805.9  1651.3 3134.9
